Benzene: -a 2648 2647 2646 1569 1564 1556 -ref 0.565 85.384 74.428 76.903 -44.360 -157.498
Benzofuran_0: -a 2648 2647 2646 1564 1556 1555 -ref 0.559 81.825 137.742 -69.511 51.320 -131.852
Benzofuran_1: -a 2647 2646 2651 1568 1565 1564 -ref 0.329 86.538 88.698 83.848 124.110 -140.308
Benzofuran_3: -a 2643 2651 2646 1564 1556 1555 -ref 0.514 98.575 128.146 111.786 116.235 -158.335
Benzofuran_4: -a 2648 2647 2646 1564 1556 1555 -ref 0.495 94.161 120.978 -102.423 -116.485 -153.607
Ethylbenzene: -a 2648 2646 2644 1569 1564 1556 -ref 0.558 86.498 62.822 -91.533 -52.908 -139.212
Indene_0: -a 2644 2645 2646 1566 1565 1564 -ref 0.546 101.285 54.269 45.932 119.855 -175.285
Indene_1: -a 2650 2651 2646 1564 1556 1555 -ref 0.486 98.691 119.650 95.750 122.954 -150.369
Indene_2: -a 2644 2643 2651 1379 1378 1366 -ref 0.583 43.549 123.777 -166.422 37.538 -152.235
Indene_3: -a 2649 2650 2651 1564 1556 1555 -ref 0.528 84.855 118.432 -100.048 -108.673 -147.976
Indole_2: -a 2645 2646 2647 1564 1556 1555 -ref 0.518 99.400 119.815 100.625 109.977 -150.813
Indole_3: -a 2648 2647 2646 1564 1556 1555 -ref 0.497 98.357 117.487 93.581 125.594 -152.428
m-xylene_2: -a 2647 2646 2645 1565 1564 1556 -ref 0.474 72.349 125.500 57.017 144.752 114.320
m-xylene_3: -a 2646 2645 2644 1833 1830 1829 -ref 0.570 87.588 81.756 84.339 -140.762 -94.379
o-xylene_2: -a 2644 2649 2648 1565 1564 1556 -ref 0.458 69.423 118.709 59.646 159.622 118.093
o-xylene_4: -a 2648 2649 2644 1564 1556 1555 -ref 0.524 100.348 120.265 92.970 130.490 -147.988
p-Xylene: -a 2644 2649 2648 1565 1566 1574 -ref 0.497 87.441 122.088 -53.680 128.265 122.738 
Phenol_1: -a 2648 2647 2646 1568 1565 1564 -ref 0.384 80.699 90.877 65.072 171.083 -122.660
Propylbenzene: -a 2645 2647 2651 1564 1556 1555 -ref 0.505 103.257 122.749 84.534 152.581 -142.565
Thianaphthene_0: -a 2649 2650 2651 1564 1556 1555 -ref 0.513 98.272 124.347 -97.064 -119.201 -152.182
Thianaphthene_3: -a 2645 2646 2651 1564 1556 1555 -ref 0.548 94.179 127.066 103.918 125.187 -155.095
Thianaphthene_4: -a 2644 2645 2646 1394 1380 1379 -ref 0.668 69.443 98.656 -1.663 171.430 -86.441
Thianaphthene_5: -a 2647 2646 2651 1564 1556 1555 -ref 0.522 63.281 128.437 -95.936 -57.732 -138.777
Toluene_0: -a 2649 2644 2643 1570 1565 1564 -ref 0.496 46.538 93.691 -64.553 -159.642 142.460
Toluene_1: -a 2646 2645 2644 1564 1556 1555 -ref 0.560 96.769 123.004 86.401 147.143 -142.717
1-Methylpyrrole: -a 2646 2645 2644 1565 1566 1574 -ref 0.471 97.032 118.682 85.440 -131.638 145.443
n-Butylbenzene_2: -a 2645 2646 2647 1830 1831 1848 -ref 0.602 112.769 142.068 43.760 -71.522 -163.532
n-Butylbenzene_3: -a 2649 2648 2647 1565 1566 1574 -ref 0.369 77.109 113.272 -96.616 -13.250 147.977
1,2-Benzenedithiol: -a 2648 2647 2646 1565 1566 1574 -ref 0.433 60.526 114.883 88.809 41.131 136.804
1,2-Dichlorobenzene: -a 2645 2646 2647 1565 1566 1574 -ref 0.386 105.189 100.138 -87.997 -139.744 142.28
Isobutylbenzene_2: -a 2644 2646 2647 1565 1566 1574 -ref 0.451 87.393 112.515 -161.413 107.048 142.479
Isobutylbenzene_3: -a 2651 2652 2647 1565 1566 1574 -ref 0.409 111.021 114.441 76.746 -111.064 145.591
2-Fluorobenzaldehyde_2: -a 2643 2648 2647 1565 1566 1574 -ref 0.421 97.512 114.485 -67.752 164.384 131.222
2-Fluorobenzaldehyde_3: -a 2643 2648 2647 1565 1566 1574 -ref 0.434 58.786 116.568 90.416 48.468 133.234
n-Methylaniline: -a 2650 2649 2648 1565 1566 1574 -ref 0.509 90.526 97.461 -58.359 -173.327 112.557
Thieno[2,3-c]pyridine_0: -a 2646 2647 2648 1565 1566 1574 -ref 0.375 105.783 106.673 89.916 -148.400 150.067
Thieno[2,3-c]pyridine_1: -a 2643 2648 2647 1324 1325 1342 -ref 0.594 82.465 103.565 -37.667 48.204 152.782
